576 32
2 2 2 2 2 2 2 2 2 2 2 2 2 2 2 2 2 2 2 2 2 2 2 2 2 2 2 2 2 2 2 2
2 2 2 1 1 1 1 1 1 1 1 1 1 1 1 1 1 1 1 1 1 1 1 1 1 1 1 1 1 2 2 2
2 2 2 1 2 2 1 2 2 2 2 2 1 2 2 2 2 2 2 1 2 2 1 2 2 2 2 2 1 2 2 2
2 2 2 1 2 2 1 2 2 2 2 2 1 2 2 2 2 2 2 1 2 2 1 2 2 2 2 2 1 2 2 2
2 2 2 1 2 2 1 2 2 2 2 2 1 1 1 1 1 1 1 1 1 1 1 2 2 2 2 2 1 2 2 2
2 2 2 1 2 2 7 1 1 1 1 1 1 2 2 2 2 2 2 1 2 2 1 1 1 1 1 1 1 2 2 2
2 2 2 1 2 2 2 2 2 2 2 2 1 2 2 2 2 2 2 1 2 2 1 2 2 2 2 2 1 2 2 2
2 2 2 1 1 1 1 1 1 1 1 1 1 2 2 2 2 2 2 1 1 1 1 1 1 1 1 1 1 2 2 2
2 2 2 1 1 1 1 1 1 1 1 1 1 1 1 1 1 1 1 1 1 1 1 1 1 1 1 1 1 2 2 2
2 2 2 1 2 2 1 2 2 2 2 2 1 2 2 2 2 2 2 1 2 2 1 2 2 2 2 2 1 2 2 2
<<<<<<< HEAD
2 2 2 1 2 2 1 2 2 2 2 2 1 1 1 1 1 1 1 1 1 1 1 2 2 2 2 2 1 2 2 2
2 2 2 1 2 2 1 1 1 1 1 1 1 2 2 2 2 2 2 1 2 2 1 1 1 1 1 1 1 2 2 2
2 2 2 1 2 2 2 2 2 2 2 2 1 2 2 2 2 2 2 1 2 2 1 2 2 2 2 2 1 2 2 2
2 2 2 1 2 2 2 2 2 2 2 2 1 2 2 2 2 2 2 1 1 1 1 1 1 1 1 1 1 2 2 2
2 2 2 1 1 1 1 1 1 1 1 1 1 1 1 1 1 1 1 7 1 1 1 1 1 1 1 1 1 2 2 2
2 2 2 2 2 2 2 2 2 2 2 2 2 2 2 2 2 2 2 2 2 2 2 2 2 2 2 2 2 2 2 2
=======
2 2 2 1 2 2 1 2 2 2 2 2 1 2 2 2 2 2 2 1 2 2 1 2 2 2 2 2 1 2 2 2
2 2 2 1 2 2 1 2 2 2 2 2 1 2 2 2 2 2 2 1 2 2 1 2 2 2 2 2 1 2 2 2
2 2 2 1 2 2 1 2 2 2 2 2 1 1 1 1 1 1 1 1 1 1 1 2 2 2 2 2 1 2 2 2
2 2 2 1 2 2 1 1 1 1 1 1 1 2 2 2 2 2 2 1 2 2 1 1 1 1 1 1 8 2 2 2
2 2 2 1 2 2 2 2 2 2 2 2 1 2 2 2 2 2 2 1 2 2 1 2 2 2 2 2 1 2 2 2
2 2 2 1 1 1 1 1 1 1 1 1 1 2 2 2 2 2 2 1 1 1 1 1 1 1 1 1 1 2 2 2
2 2 2 2 2 2 2 2 2 2 2 2 2 2 2 2 2 2 2 2 2 2 2 2 2 2 2 2 2 2 2 2
2 2 2 2 2 2 2 2 2 2 2 2 2 2 2 2 2 2 2 2 2 2 2 2 2 2 2 2 2 2 2 2
>>>>>>> 75c0e860f75b5ed5c569654788e6b85a715fec19
